15 _size
1 _turnX
17 _countX
17 _countO
0 _pointWinX
0 _pointWinO
0 _isTwoPlayer
0 0 0 0 0 0 0 0 0 0 0 0 0 0 0 
0 0 0 0 0 0 0 0 0 0 1 0 0 0 0 
0 0 0 0 0 0 0 0 0 0 2 2 0 0 0 
0 0 2 2 1 0 0 0 0 0 0 1 0 0 0 
0 0 0 0 1 0 0 0 1 0 0 0 0 1 2 
0 0 0 0 0 2 0 1 2 0 0 0 0 0 0 
0 0 2 0 0 0 1 0 0 0 1 0 2 0 0 
0 0 1 0 0 0 1 2 0 2 0 0 0 0 0 
0 1 0 0 0 0 0 0 0 0 0 0 0 0 0 
0 0 0 0 0 0 2 1 0 0 0 0 0 0 0 
0 0 0 0 2 1 0 0 0 0 0 0 0 0 0 
0 2 0 0 1 0 2 0 0 0 0 0 0 0 0 
0 2 0 0 0 0 0 0 0 0 0 0 0 0 0 
0 0 1 0 0 0 0 1 0 0 0 0 0 0 0 
0 0 0 0 0 0 0 2 0 0 0 0 0 0 0 
